# Straight 40m line in east direction
waypoints:
- latitude: 50.91836
  longitude: 13.341
  yaw: 0.0
- latitude: 50.91836
  longitude: 13.34156952
  yaw: 0.0
